10
11
01

10
11

111

1000
0100
0010
0001

111
100
100

111
010

110
011

11
11

100
111
100

001
001
111

111
001
001

001
111
001

11
01

01
11

11111

0001
0010
0100
1000

100
100
111

1

01
11
01

001
010
100

1
1
1
1
1

10
10
11

11
10

11
10
10

1
1

01
11
10

1
1
1

100
010
001

10
11
10

1
1
1
1

011
110

1111

010
111

01
01
11

010
010
111

01
10

111
010
010

111
100

010
111
010

11
01
01

001
111

100
111

10
01

111
001

11

